(1, 0)
(2, 0)
(3, 0, 0)
(3, 0, 1) ; Gender variant
(3, 1)
(3, 2)
(3, 3, 0)
(3, 3, 1) ; Gender variant
(4, 0)
(5, 0)
(6, 0)
(6, 1)
(6, 2)
(6, 3)
(6, 4)
(7, 0)
(8, 0)
(9, 0)
(9, 1)
(9, 2)
(9, 3)
(10, 0)
(11, 0)
(12, 0, 0)
(12, 0, 1) ; Gender variant
(12, 1)
(13, 0)
(14, 0)
(15, 0)
(15, 1)
(16, 0)
(17, 0)
(18, 0)
(18, 1)
(19, 0, 0)
(19, 0, 1) ; Gender variant
(19, 1)
(20, 0, 0)
(20, 0, 1) ; Gender variant
(20, 1)
(21, 0)
(22, 0)
(23, 0)
(24, 0)
(24, 0, -1, 1) ; Variant
(24, 0, -1, 2) ; Variant
(24, 0, -1, 3) ; Variant
(24, 0, -1, 4) ; Variant
(24, 0, -1, 5) ; Variant
(25, 0, 0)
(25, 0, 1) ; Gender variant
(25, 1)
(25, 2)
(25, 3)
(25, 4)
(25, 5)
(25, 6)
(25, 7)
(25, 7, -1, 1) ; Variant
(25, 7, -1, 2) ; Variant
(25, 7, -1, 3) ; Variant
(25, 7, -1, 4) ; Variant
(25, 7, -1, 5) ; Variant
(25, 7, -1, 6) ; Variant
(25, 7, -1, 7) ; Variant
(25, 8, 0)
(25, 8, 1) ; Gender variant
(25, 9)
(25, 10, 0)
(25, 10, 1) ; Gender variant
(26, 0, 0)
(26, 0, 1) ; Gender variant
(26, 1)
(27, 0)
(27, 1)
(28, 0)
(28, 1)
(29, 0)
(30, 0)
(31, 0)
(32, 0)
(33, 0)
(34, 0)
(35, 0)
(36, 0)
(37, 0)
(37, 1)
(38, 0)
(38, 1)
(39, 0)
(40, 0)
(41, 0, 0)
(41, 0, 1) ; Gender variant
(42, 0, 0)
(42, 0, 1) ; Gender variant
(43, 0)
(44, 0, 0)
(44, 0, 1) ; Gender variant
(45, 0, 0)
(45, 0, 1) ; Gender variant
(46, 0)
(47, 0)
(48, 0)
(49, 0)
(50, 0)
(50, 1)
(51, 0)
(51, 1)
(52, 0)
(52, 1)
(52, 2)
(52, 3)
(53, 0)
(53, 1)
(54, 0)
(55, 0)
(56, 0)
(57, 0)
(58, 0)
(58, 1)
(59, 0)
(59, 1)
(60, 0)
(61, 0)
(62, 0)
(63, 0)
(64, 0, 0)
(64, 0, 1) ; Gender variant
(65, 0, 0)
(65, 0, 1) ; Gender variant
(65, 1)
(66, 0)
(67, 0)
(68, 0)
(68, 1)
(69, 0)
(70, 0)
(71, 0)
(72, 0)
(73, 0)
(74, 0)
(74, 1)
(75, 0)
(75, 1)
(76, 0)
(76, 1)
(77, 0)
(77, 1)
(78, 0)
(78, 1)
(79, 0)
(79, 1)
(80, 0)
(80, 1)
(80, 2)
(81, 0)
(82, 0)
(83, 0)
(83, 1)
(84, 0, 0)
(84, 0, 1) ; Gender variant
(85, 0, 0)
(85, 0, 1) ; Gender variant
(86, 0)
(87, 0)
(88, 0)
(88, 1)
(89, 0)
(89, 1)
(90, 0)
(91, 0)
(92, 0)
(93, 0)
(94, 0)
(94, 1)
(94, 2)
(94, 3)
(95, 0)
(95, 1)
(96, 0)
(97, 0, 0)
(97, 0, 1) ; Gender variant
(98, 0)
(99, 0)
(99, 1)
(100, 0)
(100, 1)
(101, 0)
(101, 1)
(102, 0)
(103, 0)
(103, 1)
(104, 0)
(105, 0)
(105, 1)
(105, 2)
(106, 0)
(107, 0)
(108, 0)
(109, 0)
(110, 0)
(110, 1)
(111, 0, 0)
(111, 0, 1) ; Gender variant
(112, 0, 0)
(112, 0, 1) ; Gender variant
(113, 0)
(114, 0)
(115, 0)
(115, 1)
(116, 0)
(117, 0)
(118, 0, 0)
(118, 0, 1) ; Gender variant
(119, 0, 0)
(119, 0, 1) ; Gender variant
(120, 0)
(121, 0)
(122, 0)
(122, 1)
(123, 0, 0)
(123, 0, 1) ; Gender variant
(124, 0)
(125, 0)
(126, 0)
(127, 0)
(127, 1)
(128, 0)
(128, 1)
(128, 2)
(128, 3)
(129, 0, 0)
(129, 0, 1) ; Gender variant
(129, 0, 0, 1) ; Variant
(129, 0, 1, 1) ; Variant
(129, 0, 0, 2) ; Variant
(129, 0, 1, 2) ; Variant
(129, 0, 0, 3) ; Variant
(129, 0, 1, 3) ; Variant
(129, 0, 0, 4) ; Variant
(129, 0, 1, 4) ; Variant
(129, 0, 0, 5) ; Variant
(129, 0, 1, 5) ; Variant
(129, 0, 0, 6) ; Variant
(129, 0, 1, 6) ; Variant
(129, 0, 0, 7) ; Variant
(129, 0, 1, 7) ; Variant
(129, 0, 0, 8) ; Variant
(129, 0, 1, 8) ; Variant
(129, 0, 0, 9) ; Variant
(129, 0, 1, 9) ; Variant
(129, 0, 0, 10) ; Variant
(129, 0, 1, 10) ; Variant
(129, 0, 0, 11) ; Variant
(129, 0, 1, 11) ; Variant
(129, 0, 0, 12) ; Variant
(129, 0, 1, 12) ; Variant
(129, 0, 0, 13) ; Variant
(129, 0, 1, 13) ; Variant
(129, 0, 0, 14) ; Variant
(129, 0, 1, 14) ; Variant
(129, 0, 0, 15) ; Variant
(129, 0, 1, 15) ; Variant
(129, 0, 0, 16) ; Variant
(129, 0, 1, 16) ; Variant
(129, 0, 0, 17) ; Variant
(129, 0, 1, 17) ; Variant
(129, 0, 0, 18) ; Variant
(129, 0, 1, 18) ; Variant
(129, 0, 0, 19) ; Variant
(129, 0, 1, 19) ; Variant
(129, 0, 0, 20) ; Variant
(129, 0, 1, 20) ; Variant
(129, 0, 0, 21) ; Variant
(129, 0, 1, 21) ; Variant
(129, 0, 0, 22) ; Variant
(129, 0, 1, 22) ; Variant
(129, 0, 0, 23) ; Variant
(129, 0, 1, 23) ; Variant
(129, 0, 0, 24) ; Variant
(129, 0, 1, 24) ; Variant
(129, 0, 0, 25) ; Variant
(129, 0, 1, 25) ; Variant
(129, 0, 0, 26) ; Variant
(129, 0, 1, 26) ; Variant
(129, 0, 0, 27) ; Variant
(129, 0, 1, 27) ; Variant
(129, 0, 0, 28) ; Variant
(129, 0, 1, 28) ; Variant
(129, 0, 0, 29) ; Variant
(129, 0, 1, 29) ; Variant
(129, 0, 0, 30) ; Variant
(129, 0, 1, 30) ; variant
(129, 0, 0, 31) ; variant
(129, 0, 1, 31) ; variant
(129, 0, 0, 32) ; variant
(129, 0, 1, 32) ; variant
(130, 0, 0)
(130, 0, 1) ; Gender variant
(130, 1)
(131, 0)
(131, 1)
(132, 0)
(133, 0, 0)
(133, 0, 1) ; Gender variant
(133, 1, 0)
(133, 1, 1) ; Gender variant
(133, 2)
(133, 3, 0)
(133, 3, 1) ; Gender variant
(134, 0)
(135, 0)
(136, 0)
(137, 0)
(138, 0)
(139, 0)
(140, 0)
(141, 0)
(141, 1)
(142, 0)
(142, 1)
(142, 2)
(143, 0)
(143, 1)
(144, 0)
(144, 1)
(145, 0)
(145, 1)
(146, 0)
(146, 1)
(147, 0)
(148, 0)
(149, 0)
(150, 0)
(150, 1)
(150, 2)
(150, 3)
(150, 4)
(150, 5)
(150, 6) ; Mega Shadow Mewtwo
(151, 0)
152, 0)
153, 0)
154, 0, 0)
154, 0, 1) ; Gender variant
155, 0)
156, 0)
157, 0)
157, 1)
158, 0)
159, 0)
160, 0)
161, 0)
162, 0)
163, 0)
164, 0)
165, 0, 0)
165, 0, 1) ; Gender variant
166, 0, 0)
166, 0, 1) ; Gender variant
167, 0)
168, 0)
169, 0)
170, 0)
171, 0)
172, 0)
172, 1)
173, 0)
174, 0)
175, 0)
176, 0)
177, 0)
178, 0, 0)
178, 0, 1) ; Gender variant
179, 0)
180, 0)
181, 0)
181, 1)
182, 0)
183, 0)
184, 0)
185, 0, 0)
185, 0, 1) ; Gender variant
186, 0, 0)
186, 0, 1) ; Gender variant
187, 0)
188, 0)
189, 0)
190, 0, 0)
190, 0, 1) ; Gender variant
191, 0)
192, 0)
193, 0)
194, 0, 0)
194, 0, 1) ; Gender variant
194, 1)
195, 0, 0)
195, 0, 1) ; Gender variant
196, 0)
197, 0)
198, 0, 0)
198, 0, 1) ; Gender variant
199, 0)
199, 1)
200, 0)
201, 0)
201, 1)
201, 2)
201, 3)
201, 4)
201, 5)
201, 6)
201, 7)
201, 8)
201, 9)
201, 10)
201, 11)
201, 12)
201, 13)
201, 14)
201, 15)
201, 16)
201, 17)
201, 18)
201, 19)
201, 20)
201, 21)
201, 22)
201, 23)
201, 24)
201, 25)
201, 26)
201, 27)
202, 0, 0)
202, 0, 1) ; Gender variant
203, 0, 0)
203, 0, 1) ; Gender variant
204, 0)
205, 0)
206, 0)
207, 0, 0)
207, 0, 1) ; Gender variant
208, 0, 0)
208, 0, 1) ; Gender variant
208, 1)
209, 0)
210, 0)
211, 0)
211, 1)
212, 0, 0)
212, 0, 1) ; Gender variant
212, 1)
213, 0)
214, 0, 0)
214, 0, 1) ; Gender variant
214, 1)
215, 0, 0)
215, 0, 1) ; Gender variant
215, 1, 0)
215, 1, 1) ; Gender variant
216, 0)
217, 0, 0)
217, 0, 1) ; Gender variant
218, 0)
219, 0)
220, 0)
221, 0, 0)
221, 0, 1) ; Gender variant
222, 0)
222, 1)
223, 0)
224, 0, 0)
224, 0, 1) ; Gender variant
225, 0)
226, 0)
227, 0)
228, 0)
229, 0, 0)
229, 0, 1) ; Gender variant
229, 1)
230, 0)
231, 0)
232, 0, 0)
232, 0, 1) ; Gender variant
233, 0)
234, 0)
235, 0)
236, 0)
237, 0)
238, 0)
239, 0)
240, 0)
241, 0)
242, 0)
243, 0)
244, 0)
245, 0)
246, 0)
247, 0)
248, 0)
248, 1)
249, 0)
249, 1)
250, 0)
251, 0)
252, 0)
253, 0)
254, 0)
254, 1)
255, 0, 0)
255, 0, 1) ; Gender variant
256, 0, 0)
256, 0, 1) ; Gender variant
257, 0, 0)
257, 0, 1) ; Gender variant
257, 1)
258, 0)
259, 0)
260, 0)
260, 1)
261, 0)
262, 0)
263, 0)
263, 1)
264, 0)
264, 1)
265, 0)
266, 0)
267, 0, 0)
267, 0, 1) ; Gender variant
268, 0)
269, 0, 0)
269, 0, 1) ; Gender variant
270, 0)
271, 0)
272, 0, 0)
272, 0, 1) ; Gender variant
273, 0)
274, 0, 0)
274, 0, 1) ; Gender variant
275, 0, 0)
275, 0, 1) ; Gender variant
276, 0)
277, 0)
278, 0)
279, 0)
280, 0)
281, 0)
282, 0)
282, 1)
283, 0)
284, 0)
285, 0)
286, 0)
287, 0)
288, 0)
289, 0)
290, 0)
291, 0)
292, 0)
293, 0)
294, 0)
295, 0)
296, 0)
297, 0)
298, 0)
299, 0)
300, 0)
301, 0)
302, 0)
302, 1)
303, 0)
303, 1)
304, 0)
305, 0)
306, 0)
306, 1)
307, 0, 0)
307, 0, 1) ; Gender variant
308, 0, 0)
308, 0, 1) ; Gender variant
308, 1)
309, 0)
310, 0)
310, 1)
311, 0)
312, 0)
313, 0)
314, 0)
315, 0, 0)
315, 0, 1) ; Gender variant
316, 0, 0)
316, 0, 1) ; Gender variant
317, 0, 0)
317, 0, 1) ; Gender variant
318, 0)
319, 0)
319, 1)
320, 0)
321, 0)
322, 0, 0)
322, 0, 1) ; Gender variant
323, 0, 0)
323, 0, 1) ; Gender variant
323, 1)
324, 0)
325, 0)
326, 0)
327, 0)
328, 0)
329, 0)
330, 0)
331, 0)
332, 0, 0)
332, 0, 1) ; Gender variant
333, 0)
334, 0)
334, 1)
335, 0)
336, 0)
337, 0)
338, 0)
339, 0)
340, 0)
341, 0)
342, 0)
343, 0)
344, 0)
345, 0)
346, 0)
347, 0)
348, 0)
349, 0)
350, 0, 0)
350, 0, 1) ; Gender variant
351, 0)
351, 1)
351, 2)
351, 3)
352, 0)
353, 0)
354, 0)
354, 1)
355, 0)
356, 0)
357, 0)
358, 0)
359, 0)
359, 1)
360, 0)
361, 0)
362, 0)
362, 1)
363, 0)
364, 0)
365, 0)
366, 0)
367, 0)
368, 0)
369, 0, 0)
369, 0, 1) ; Gender variant
370, 0)
371, 0)
372, 0)
373, 0)
373, 1)
374, 0)
375, 0)
376, 0)
376, 1)
377, 0)
378, 0)
379, 0)
380, 0)
380, 1)
381, 0)
381, 1)
382, 0)
382, 1)
383, 0)
383, 1)
383, 2)
384, 0)
384, 1)
384, 2)
385, 0)
386, 0)
386, 1)
386, 2)
386, 3)
387, 0)
388, 0)
389, 0)
390, 0)
391, 0)
392, 0)
393, 0)
394, 0)
395, 0)
396, 0, 0)
396, 0, 1) ; Gender variant
397, 0, 0)
397, 0, 1) ; Gender variant
398, 0, 0)
398, 0, 1) ; Gender variant
399, 0, 0)
399, 0, 1) ; Gender variant
400, 0, 0)
400, 0, 1) ; Gender variant
401, 0, 0)
401, 0, 1) ; Gender variant
402, 0, 0)
402, 0, 1) ; Gender variant
403, 0, 0)
403, 0, 1) ; Gender variant
404, 0, 0)
404, 0, 1) ; Gender variant
405, 0, 0)
405, 0, 1) ; Gender variant
406, 0)
407, 0, 0)
407, 0, 1) ; Gender variant
408, 0)
409, 0)
410, 0)
411, 0)
412, 0)
412, 1)
412, 2)
413, 0)
413, 1)
413, 2)
414, 0)
415, 0, 0)
415, 0, 1) ; Gender variant
416, 0)
417, 0, 0)
417, 0, 1) ; Gender variant
418, 0, 0)
418, 0, 1) ; Gender variant
419, 0, 0)
419, 0, 1) ; Gender variant
420, 0)
421, 0)
421, 1)
422, 0)
422, 1)
423, 0)
423, 1)
424, 0, 0)
424, 0, 1) ; Gender variant
425, 0)
426, 0)
427, 0)
428, 0)
428, 1)
429, 0)
430, 0)
431, 0)
432, 0)
433, 0)
434, 0)
435, 0)
436, 0)
437, 0)
438, 0)
439, 0)
440, 0)
441, 0)
442, 0)
443, 0, 0)
443, 0, 1) ; Gender variant
444, 0, 0)
444, 0, 1) ; Gender variant
445, 0, 0)
445, 0, 1) ; Gender variant
445, 1)
446, 0)
447, 0)
448, 0)
448, 1)
449, 0, 0)
449, 0, 1) ; Gender variant
450, 0, 0)
450, 0, 1) ; Gender variant
451, 0)
452, 0)
453, 0, 0)
453, 0, 1) ; Gender variant
454, 0, 0)
454, 0, 1) ; Gender variant
455, 0)
456, 0, 0)
456, 0, 1) ; Gender variant
457, 0, 0)
457, 0, 1) ; Gender variant
458, 0)
459, 0, 0)
459, 0, 1) ; Gender variant
460, 0, 0)
460, 0, 1) ; Gender variant
460, 1)
461, 0, 0)
461, 0, 1) ; Gender variant
462, 0)
463, 0)
464, 0, 0)
464, 0, 1) ; Gender variant
465, 0, 0)
465, 0, 1) ; Gender variant
466, 0)
467, 0)
468, 0)
469, 0)
470, 0)
471, 0)
472, 0)
473, 0, 0)
473, 0, 1) ; Gender variant
474, 0)
475, 0)
475, 1)
476, 0)
477, 0)
478, 0)
479, 0)
479, 1)
479, 2)
479, 3)
479, 4)
479, 5)
480, 0)
481, 0)
482, 0)
483, 0)
483, 1)
484, 0)
484, 1)
485, 0)
486, 0)
487, 0)
487, 1)
487, 2) ; Altered Cinetina
487, 3) ; Origin Cinetina
488, 0)
489, 0)
490, 0)
491, 0)
492, 0)
492, 1)
492, 2) ; Polluted land Shaymin
492, 3) ; Polluted Sky Shaymin
493, 0)
493, 1)
493, 2)
493, 3)
493, 4)
493, 5)
493, 6)
493, 7)
493, 8)
493, 9)
493, 10)
493, 11)
493, 12)
493, 13)
493, 14)
493, 15)
493, 16)
493, 17)
494, 0)
495, 0)
496, 0)
497, 0)
498, 0)
499, 0)
500, 0)
501, 0)
502, 0)
503, 0)
503, 1)
504, 0)
505, 0)
506, 0)
507, 0)
508, 0)
509, 0)
510, 0)
511, 0)
512, 0)
513, 0)
514, 0)
515, 0)
516, 0)
517, 0)
518, 0)
519, 0)
520, 0)
521, 0, 0)
521, 0, 1) ; Gender variant
522, 0)
523, 0)
524, 0)
525, 0)
526, 0)
527, 0)
528, 0)
529, 0)
530, 0)
531, 0)
531, 1)
532, 0)
533, 0)
534, 0)
535, 0)
536, 0)
537, 0)
538, 0)
539, 0)
540, 0)
541, 0)
542, 0)
543, 0)
544, 0)
545, 0)
546, 0)
547, 0)
548, 0)
549, 0)
549, 1)
550, 0)
550, 1)
550, 2)
551, 0)
552, 0)
553, 0)
554, 0)
554, 1)
555, 0)
555, 1)
555, 2)
555, 3)
556, 0)
557, 0)
558, 0)
559, 0)
560, 0)
561, 0)
562, 0)
562, 1)
563, 0)
564, 0)
565, 0)
566, 0)
567, 0)
568, 0)
569, 0)
569, 1)
570, 0)
570, 1)
571, 0)
571, 1)
572, 0)
573, 0)
574, 0)
575, 0)
576, 0)
577, 0)
578, 0)
579, 0)
580, 0)
581, 0)
582, 0)
583, 0)
584, 0)
585, 0)
585, 1)
585, 2)
585, 3)
586, 0)
586, 1)
586, 2)
586, 3)
587, 0)
588, 0)
589, 0)
590, 0)
591, 0)
592, 0, 0)
592, 0, 1) ; Gender variant
593, 0, 0)
593, 0, 1) ; Gender variant
594, 0)
595, 0)
596, 0)
597, 0)
598, 0)
599, 0)
600, 0)
601, 0)
602, 0)
603, 0)
604, 0)
605, 0)
606, 0)
607, 0)
608, 0)
609, 0)
610, 0)
611, 0)
612, 0)
613, 0)
614, 0)
615, 0)
616, 0)
617, 0)
618, 0)
618, 1)
619, 0)
620, 0)
621, 0)
622, 0)
623, 0)
624, 0)
625, 0)
626, 0)
627, 0)
628, 0)
628, 1)
629, 0)
630, 0)
631, 0)
632, 0)
633, 0)
634, 0)
635, 0)
636, 0)
637, 0)
638, 0)
639, 0)
640, 0)
641, 0)
641, 1)
642, 0)
642, 1)
643, 0)
644, 0)
645, 0)
645, 1)
646, 0)
646, 1)
646, 2)
647, 0)
647, 1)
648, 0)
648, 1)
649, 0)
649, 1)
649, 2)
649, 3)
649, 4)
650, 0)
651, 0)
652, 0)
653, 0)
654, 0)
655, 0)
656, 0)
657, 0)
658, 0)
658, 1)
658, 2)
659, 0)
660, 0)
661, 0)
662, 0)
663, 0)
664, 0)
665, 0)
666, 0)
666, 1)
666, 2)
666, 3)
666, 4)
666, 5)
666, 6)
666, 7)
666, 8)
666, 9)
666, 10)
666, 11)
666, 12)
666, 13)
666, 14)
666, 15)
666, 16)
666, 17)
666, 18)
666, 19)
667, 0)
668, 0, 0)
668, 0, 1) ; Gender variant
669, 0)
669, 1)
669, 2)
669, 3)
669, 4)
670, 0)
670, 1)
670, 2)
670, 3)
670, 4)
670, 5)
671, 0)
671, 1)
671, 2)
671, 3)
671, 4)
672, 0)
673, 0)
674, 0)
675, 0)
676, 0)
676, 1)
676, 2)
676, 3)
676, 4)
676, 5)
676, 6)
676, 7)
676, 8)
676, 9)
677, 0)
678, 0, 0)
678, 0, 1) ; Gender variant
678, 1)
679, 0)
680, 0)
681, 0)
681, 1)
682, 0)
683, 0)
684, 0)
685, 0)
686, 0)
687, 0)
688, 0)
689, 0)
690, 0)
691, 0)
692, 0)
693, 0)
694, 0)
695, 0)
696, 0)
697, 0)
698, 0)
699, 0)
700, 0)
701, 0)
702, 0)
703, 0)
704, 0)
705, 0)
705, 1)
706, 0)
706, 1)
707, 0)
708, 0)
709, 0)
710, 0)
710, 1)
710, 2)
710, 3)
711, 0)
711, 1)
711, 2)
711, 3)
712, 0)
713, 0)
713, 1)
714, 0)
715, 0)
716, 0)
716, 1)
717, 0)
718, 0)
718, 1)
718, 2)
718, 3)
718, 4)
718, 5) ; Zygarde Core
718, 6) ; Zygarde Core
719, 0)
719, 1)
720, 0)
720, 1)
721, 0)
722, 0)
723, 0)
724, 0)
724, 1)
725, 0)
726, 0)
727, 0)
728, 0)
729, 0)
730, 0)
731, 0)
732, 0)
733, 0)
734, 0)
735, 0)
736, 0)
737, 0)
738, 0)
739, 0)
740, 0)
741, 0)
741, 1)
741, 2)
741, 3)
742, 0)
743, 0)
744, 0)
744, 1)
745, 0)
745, 1)
745, 2)
746, 0)
746, 1)
747, 0)
748, 0)
749, 0)
750, 0)
751, 0)
752, 0)
753, 0)
754, 0)
755, 0)
756, 0)
757, 0)
758, 0)
759, 0)
760, 0)
761, 0)
762, 0)
763, 0)
764, 0)
765, 0)
766, 0)
767, 0)
768, 0)
769, 0)
770, 0)
771, 0)
772, 0)
773, 0)
773, 1)
773, 2)
773, 3)
773, 4)
773, 5)
773, 6)
773, 7)
773, 8)
773, 9)
773, 10)
773, 11)
773, 12)
773, 13)
773, 14)
773, 15)
773, 16)
773, 17)
774, 0)
774, 1)
774, 2)
774, 3)
774, 4)
774, 5)
774, 6)
774, 7)
774, 8)
774, 9)
774, 10)
774, 11)
774, 12)
774, 13)
775, 0)
776, 0)
777, 0)
778, 0)
778, 1)
779, 0)
780, 0)
781, 0)
782, 0)
783, 0)
784, 0)
785, 0)
786, 0)
787, 0)
788, 0)
789, 0)
790, 0)
791, 0)
792, 0)
793, 0)
794, 0)
795, 0)
796, 0)
797, 0)
798, 0)
799, 0)
800, 0)
800, 1)
800, 2)
800, 3)
801, 0)
801, 1)
802, 0)
803, 0)
804, 0)
805, 0)
806, 0)
807, 0)
808, 0)
809, 0)
809, 1)
810, 0)
811, 0)
812, 0)
812, 1)
813, 0)
814, 0)
815, 0)
815, 1)
816, 0)
817, 0)
818, 0)
818, 1)
819, 0)
820, 0)
821, 0)
822, 0)
823, 0)
823, 1)
824, 0)
825, 0)
826, 0)
826, 1)
827, 0)
828, 0)
829, 0)
830, 0)
831, 0)
832, 0)
833, 0)
834, 0)
834, 1)
835, 0)
836, 0)
837, 0)
838, 0)
839, 0)
839, 1)
840, 0)
841, 0)
841, 1)
842, 0)
842, 1)
843, 0)
844, 0)
844, 1)
845, 0)
845, 1)
845, 2, 0)
845, 2, 1) ; Gender variant
846, 0)
847, 0)
848, 0)
849, 0)
849, 1)
849, 2)
849, 3)
850, 0)
851, 0)
851, 1)
852, 0)
853, 0)
854, 0)
854, 1)
855, 0)
855, 1)
856, 0)
857, 0)
858, 0)
858, 1)
859, 0)
860, 0)
861, 0)
861, 1)
862, 0)
863, 0)
864, 0)
865, 0)
866, 0)
867, 0)
868, 0)
869, 0)
869, 0, -1, 1) ; Variant
869, 0, -1, 2) ; Variant
869, 0, -1, 3) ; Variant
869, 0, -1, 4) ; Variant
869, 0, -1, 5) ; Variant
869, 0, -1, 6) ; Variant
869, 1)
869, 1, -1, 1) ; Variant
869, 1, -1, 2) ; Variant
869, 1, -1, 3) ; Variant
869, 1, -1, 4) ; Variant
869, 1, -1, 5) ; Variant
869, 1, -1, 6) ; Variant
869, 2)
869, 2, -1, 1) ; Variant
869, 2, -1, 2) ; Variant
869, 2, -1, 3) ; Variant
869, 2, -1, 4) ; Variant
869, 2, -1, 5) ; Variant
869, 2, -1, 6) ; Variant
869, 3)
869, 3, -1, 1) ; Variant
869, 3, -1, 2) ; Variant
869, 3, -1, 3) ; Variant
869, 3, -1, 4) ; Variant
869, 3, -1, 5) ; Variant
869, 3, -1, 6) ; Variant
869, 4)
869, 4, -1, 1) ; Variant
869, 4, -1, 2) ; Variant
869, 4, -1, 3) ; Variant
869, 4, -1, 4) ; Variant
869, 4, -1, 5) ; Variant
869, 4, -1, 6) ; Variant
869, 5)
869, 5, -1, 1) ; Variant
869, 5, -1, 2) ; Variant
869, 5, -1, 3) ; Variant
869, 5, -1, 4) ; Variant
869, 5, -1, 5) ; Variant
869, 5, -1, 6) ; Variant
869, 6)
869, 6, -1, 1) ; Variant
869, 6, -1, 2) ; Variant
869, 6, -1, 3) ; Variant
869, 6, -1, 4) ; Variant
869, 6, -1, 5) ; Variant
869, 6, -1, 6) ; Variant
869, 7)
869, 7, -1, 1) ; Variant
869, 7, -1, 2) ; Variant
869, 7, -1, 3) ; Variant
869, 7, -1, 4) ; Variant
869, 7, -1, 5) ; Variant
869, 7, -1, 6) ; Variant
869, 8)
869, 8, -1, 1) ; Variant
869, 8, -1, 2) ; Variant
869, 8, -1, 3) ; Variant
869, 8, -1, 4) ; Variant
869, 8, -1, 5) ; Variant
869, 8, -1, 6) ; Variant
869, 9)
870, 0)
871, 0)
872, 0)
873, 0)
874, 0)
875, 0)
875, 1)
876, 0, 0)
876, 0, 1) ; Gender variant
876, 1)
877, 0)
877, 1)
878, 0)
879, 0)
879, 1)
880, 0)
881, 0)
882, 0)
883, 0)
884, 0)
884, 1)
885, 0)
886, 0)
887, 0)
888, 0)
888, 1)
889, 0)
889, 1)
890, 0)
890, 1)
891, 0)
892, 0)
892, 1)
892, 2)
892, 3)
893, 0)
893, 1)
894, 0)
895, 0)
896, 0)
897, 0)
898, 0)
898, 1)
898, 2)
899, 0)
900, 0)
901, 0)
901, 1)
902, 0, 0)
902, 0, 1) ; Gender variant
902, 1)
903, 0)
904, 0)
905, 0)
905, 1)
906, 0)
907, 0)
908, 0)
909, 0)
910, 0)
911, 0)
912, 0)
913, 0)
914, 0)
915, 0)
916, 0, 0)
916, 0, 1) ; Gender variant
916, 1)
917, 0)
918, 0)
919, 0)
920, 0)
921, 0)
922, 0)
923, 0)
924, 0)
925, 0)
925, 1)
926, 0)
927, 0)
928, 0)
929, 0)
930, 0)
931, 0)
931, 1)
931, 2)
931, 3)
932, 0)
933, 0)
934, 0)
935, 0)
936, 0)
937, 0)
938, 0)
939, 0)
940, 0)
941, 0)
942, 0)
943, 0)
944, 0)
945, 0)
946, 0)
947, 0)
948, 0)
949, 0)
950, 0)
951, 0)
952, 0)
953, 0)
954, 0)
955, 0)
956, 0)
957, 0)
958, 0)
959, 0)
960, 0)
961, 0)
962, 0)
963, 0)
964, 0)
964, 1)
965, 0)
966, 0)
966, 1)
966, 2)
966, 3)
966, 4)
966, 5)
967, 0)
968, 0)
969, 0)
970, 0)
971, 0)
972, 0)
973, 0)
974, 0)
975, 0)
976, 0)
977, 0)
978, 0)
978, 1)
978, 2)
979, 0)
980, 0)
981, 0)
982, 0)
982, 1)
983, 0)
984, 0)
985, 0)
986, 0)
987, 0)
988, 0)
989, 0)
990, 0)
991, 0)
992, 0)
993, 0)
994, 0)
995, 0)
996, 0)
997, 0)
998, 0)
999, 0)
999, 1)
1000, 0)
1001, 0)
1002, 0)
1003, 0)
1004, 0)
1005, 0)
1006, 0)
1007, 0)
1007, 1)
1008, 0)
1008, 1)
1009, 0)
1010, 0)
1011, 0)
1012, 0)
1012, 1)
1013, 0)
1013, 1)
1014, 0)
1015, 0)
1016, 0)
1017, 0)
1017, 1)
1017, 2)
1017, 3)
1017, 4)
1017, 5)
1018, 0)
1019, 0)
1020, 0)
1021, 0)
1022, 0)
1023, 0)
1024, 0)
1025, 0)
